,NTRS_returns_volatility,AVY_returns_volatility,AFL_returns_volatility,REGN_returns_volatility,DAL_returns_volatility,COO_returns_volatility,CME_returns_volatility,BK_returns_volatility,O_returns_volatility,T_returns_volatility,PAYX_returns_volatility,VMC_returns_volatility,LUMN_returns_volatility,APA_returns_volatility,MSFT_returns_volatility,HAL_returns_volatility,ALK_returns_volatility,AKAM_returns_volatility,APTV_returns_volatility,C_returns_volatility,CMCSA_returns_volatility,KDP_returns_volatility,MPWR_returns_volatility,A_returns_volatility,MLM_returns_volatility,SCHW_returns_volatility,PEG_returns_volatility,NVDA_returns_volatility,PPG_returns_volatility,GPN_returns_volatility,CFG_returns_volatility,HST_returns_volatility,MU_returns_volatility,DVN_returns_volatility,TMUS_returns_volatility,UHS_returns_volatility,ABBV_returns_volatility,RCL_returns_volatility,SNPS_returns_volatility,BF-B_returns_volatility,PNC_returns_volatility,EQIX_returns_volatility,BR_returns_volatility,CSCO_returns_volatility,CRM_returns_volatility,EQT_returns_volatility,FIS_returns_volatility,ANET_returns_volatility,EXPD_returns_volatility,TRMB_returns_volatility
NTRS_returns_volatility,0.0006140657242251198,0.00025763541588854304,0.0005455414532499583,0.0001564011053840158,0.0006251542205715075,9.786831001237874e-05,0.00023202047776933152,0.000375037562191388,0.000422674082154058,0.0001494103269186468,0.00019617153545257342,0.000406841734515065,0.0002573571970132917,0.0009349957626983067,0.00015838389453839402,0.0007681720407845165,0.0005126733093854114,0.00019111994070698788,0.0007029123690586663,0.0005542151161101941,0.00022215636149537125,0.0004433398461222125,0.00027306914843245065,0.00018397025326985882,0.00034077289516794507,0.00033493191455469186,0.00023174741757844378,0.0002536811416386071,0.0003760577131294308,0.0003416746588258741,0.0006018210675222124,0.00045243674627404285,0.00047446058969487443,0.0006543927326776659,0.0001462253106786507,0.0004984354029277085,8.799611692354627e-05,0.0011951350024909386,0.00022004237720545816,0.00013178719642499686,0.00039543525330979574,0.00011832298237423642,0.00014034159760802293,0.00015819092379640155,0.000198034881107433,0.00034082238334282874,0.00030810510017113346,0.0001465733458113387,0.00015215833713195766,0.0005102547698928161
AVY_returns_volatility,0.00025763541588854304,0.0005040488808943704,0.0002944918796086936,5.6193540722833075e-05,0.00035845435041283126,8.233640343257881e-05,6.786470044544664e-05,0.00018821546803135023,0.00017587198354695243,0.00010772352245476753,0.00018581329398069464,0.00024021660036487377,0.0001544477377732477,0.0007345606106344526,0.00014727389169508407,0.0005020343840942256,0.00031766391780693807,0.0001766702316758102,0.0003086114218498225,0.00028094954364354724,0.0002557525756886467,-3.642122410735018e-05,0.0002021071905959361,0.00020467715768654146,0.0001998956667613331,0.00013372651442872455,0.0001685421513794999,0.00018242025141626775,0.0002782375633666937,0.00026859976200375177,0.00028368046464536984,0.00031712286376672067,0.00029051620930172775,0.000516587040801281,5.690670872222791e-05,0.0002673189693205058,8.357989288971436e-05,0.0006917946555790275,0.00020758722392250634,0.00017094262717291307,0.000251896947915827,9.966417031495256e-05,0.00012192410049626358,0.00012717222928318884,0.0001993461146402073,0.0002435250865313057,0.0002046497960006523,7.49704382419956e-05,0.0001228862517678978,0.0002739058419217259
AFL_returns_volatility,0.0005455414532499583,0.0002944918796086936,0.0019843234738636997,0.00046138045059106116,0.0018133267497797883,0.00036402832432641877,0.0005242679386152756,0.0005086567964920192,0.0015220848271037732,0.0002618329473629393,0.00031647546447974984,0.0010720262440999306,0.0004011070811883945,0.0026245333095345946,0.0001778577598556196,0.002083630038118378,0.0013855696346711497,0.00038167355702912754,0.0022306346371505346,0.001090861633143463,0.000247589361314769,0.0005588443832073838,0.00038222811402728666,0.00012764762090169816,0.0009379394663049241,0.00027689054349111655,0.000527261650393562,0.0006182834746878985,0.0010094192627585455,0.0007571758180232614,0.001088542718596887,0.0013495706895619566,0.0009471959403142516,0.001748222715685628,0.0002375118634027487,0.0013983035972494513,0.00023882600709717623,0.0037657283142490117,0.00031342758138077275,0.00022443404612633233,0.0005994488152523815,0.00011465403436879083,0.0002562578638774027,0.00010400743392113265,0.0005437539096011849,0.000773339989013398,0.0008471437981898666,0.0001369376515842506,0.00026679074120620664,0.0013910312790908178
REGN_returns_volatility,0.0001564011053840158,5.6193540722833075e-05,0.00046138045059106116,0.0011407827534177808,0.0004932076876705792,8.282660680263892e-05,0.00010854450305182427,0.00017062121999753056,0.0003503203641468187,9.432738583422411e-05,0.00011645058541990905,0.0003195668316107068,0.0002624361792230618,0.0005805588708012756,6.321333007667551e-05,0.00045178000729893586,0.0003348526134253688,0.00017485930384165466,0.0006242284590043773,0.00041661289186208924,0.00014133934847944933,-0.0003913967678571623,0.00021197747866834866,0.0001782645603817593,0.0002879251279884974,0.00020567329256923912,0.00010598640530561336,0.000339946799917721,0.0002236940294752884,0.0003054989128504752,0.0003289001866383647,0.00037079689539202946,0.00035941013971000724,0.0004741620308695123,0.00013205775086984006,0.0003506682020650387,0.0003199836304348791,0.0010137316589595151,0.00012294072727839998,5.571431125100462e-05,0.00015769611796125334,8.717423535863075e-05,5.973909793498324e-05,0.00010697313416409716,0.00016133823624517608,0.0003488267861913722,0.0002386220194847555,0.00013248920817748286,8.691648217070487e-05,0.000425806028993762
DAL_returns_volatility,0.0006251542205715075,0.00035845435041283126,0.0018133267497797883,0.0004932076876705792,0.002538622666200951,0.00040208574697074936,0.000509397151597569,0.0005245499255610448,0.0015481496482329233,0.0003527206282814127,0.00036475441668907025,0.0012016596826589627,0.0004211193350890436,0.00214067227436203,0.0001820344302060553,0.002025815425074725,0.001886086599879306,0.000406692906518896,0.0022197266446634064,0.0011398972026926033,0.00030341345981622393,0.0008204104277265213,0.00043911364121346506,0.0001456997522027511,0.0010213228867358324,0.00030684978651668624,0.0005332570670427546,0.0006120419050492928,0.0010562392378690852,0.0008082263574583131,0.0011829951335606834,0.0014940895532910576,0.0009789646355183158,0.001616315872251356,0.0002797209148646003,0.0014945279565919832,0.0002090358323684141,0.003791872997479303,0.0003627528825791177,0.00014787896341888403,0.000656867121287318,3.789097905224247e-05,0.00025660296834777434,0.00016829905264849256,0.0005846837078883596,0.000603653461804035,0.0008313120339725966,9.006395273904435e-05,0.000237130743655774,0.0014068612432589802
COO_returns_volatility,9.786831001237874e-05,8.233640343257881e-05,0.00036402832432641877,8.282660680263892e-05,0.00040208574697074936,0.0005324472656820192,0.00019712699029212583,8.159266950060261e-05,0.00034294769813300195,3.071905032059843e-05,8.596517582141604e-05,0.00031844232852918606,5.527854280501781e-05,0.00035631092654759216,9.327598150915274e-05,0.00037720489477510884,0.00033592569824799875,7.921790907665052e-05,0.0004395603813393963,0.00017255893314510398,5.542207515326876e-05,0.00018959234475084317,0.0001250215592318626,0.00010631496552629292,0.00025175001491266715,5.6310333996048295e-05,0.000184843716544669,0.00019119197138935042,0.00025170405061065277,0.00020809818612042928,0.00018100597789422198,0.00014111552873147655,0.00014557779757369462,0.0003286057128794549,0.00011403770433792225,0.0003540479844149656,0.00011541000972464929,0.000572513868961528,0.0001593881420242297,9.709121046696247e-05,0.00011599611652527938,2.6035927970934304e-05,0.00010075686886129843,6.439740027385926e-05,0.00015909892285897,0.00014945302895734558,0.00018852904422470639,5.0280450736269035e-05,0.00011402091402030127,0.00036878113590394033
CME_returns_volatility,0.00023202047776933152,6.786470044544664e-05,0.0005242679386152756,0.00010854450305182427,0.000509397151597569,0.00019712699029212583,0.0005283059134747139,0.00024113661025031206,0.00048043013346722816,0.00010649515278485175,0.0001066637775938323,0.0004306886270652224,0.00018692717329450655,0.0006195664340257712,8.162397194395697e-05,0.0006124187608575088,0.00041601473051314236,9.746718477646036e-05,0.0006473648443133303,0.00034857370318250265,2.5168758915941863e-05,8.567238930589227e-05,0.00014557228794327833,9.370738686557238e-05,0.00037606366079079745,0.00011936388506095065,0.00019441793528618962,0.00021979187742936213,0.00028186351478514093,0.0002465014068476741,0.00040122490534285797,0.0003403297601781532,0.00020034310743071614,0.0005650879814455687,0.00013474029098591798,0.0005029441074897012,0.00014113654329809145,0.0009117454542266178,0.00017216120592189785,6.021585262717662e-05,0.00022934577087901876,8.384311945488541e-05,0.00012194378359821077,3.0002772115973827e-05,0.00011849400121173896,0.00030084311669050423,0.000280657556947252,9.483379086078857e-05,0.0001329436069517614,0.0004912318618992244
BK_returns_volatility,0.000375037562191388,0.00018821546803135023,0.0005086567964920192,0.00017062121999753056,0.0005245499255610448,8.159266950060261e-05,0.00024113661025031206,0.0005050697364871116,0.0003719229023536389,0.00013694044012233628,0.00016817177311003256,0.0004344958524919756,0.00022821188166114776,0.0007583812144191088,0.0001497695757608335,0.000700548673599089,0.00042594764962339005,0.0001780423031674215,0.0006606378410172823,0.0005109087567331615,0.0001471443047708552,0.000619002374899891,0.0002674162628869281,0.00016512145934474866,0.00037034605266882315,0.0002744103119342915,0.00020319245422440772,0.0002986921477848417,0.0003380313582810378,0.00027409486151245107,0.0005732842356940621,0.0004299962183412417,0.00045413885749104777,0.0006540877814933209,0.00012175266824971612,0.0004500918498305074,0.00014494582148604016,0.0010346573185109373,0.00019733665907792564,8.28474560011958e-05,0.00035188981908283875,8.99696652901445e-05,9.885694476993345e-05,0.00011962211368373539,0.0001973094033771581,0.00029073677262928796,0.00028564046395009507,0.0001586971585057397,0.00015574675028833052,0.0004862457151872706
O_returns_volatility,0.000422674082154058,0.00017587198354695243,0.0015220848271037732,0.0003503203641468187,0.0015481496482329233,0.00034294769813300195,0.00048043013346722816,0.0003719229023536389,0.0016677705782293683,0.0002257671910736848,0.00023289849451305295,0.0008889471678417293,0.00042921407246038093,0.001986340271680623,6.94595223480799e-05,0.0015684565319451877,0.001228465137952417,0.000338555022658336,0.001886953985643451,0.0008238397071403317,0.0001394246572585177,0.0005134017392888704,0.00022725435702347188,0.00013681022539108336,0.0007089467114982555,0.00024664617692120495,0.00048778881643891356,0.00044948744617953325,0.0008433331283780693,0.0005733688604392507,0.0008863333722755679,0.0010467870430981275,0.0006015324890266324,0.0013500599421388735,0.0001981283794513675,0.0012961237873002531,0.00021051013973160242,0.0029866361402660735,0.00019171882264733272,0.00014055123995901117,0.00047532784130475573,0.0001340800163003242,0.00021167073109434127,9.127460710204739e-05,0.00040521178330240893,0.0006570429998532327,0.0007039873883599175,2.883907324654537e-05,0.00020038281351757043,0.0011510017576697887
T_returns_volatility,0.0001494103269186468,0.00010772352245476753,0.0002618329473629393,9.432738583422411e-05,0.0003527206282814127,3.071905032059843e-05,0.00010649515278485175,0.00013694044012233628,0.0002257671910736848,0.000350717390666673,7.934689961261705e-05,0.0001853354908002659,0.00019665898122516492,0.00041683414788842854,8.233645970759188e-05,0.0004011222678406007,0.0002793086269855482,0.00010446234939473846,0.00032828926080134894,0.00023106725131240193,0.00014946035074496757,0.0005326576625886629,0.00011318059389264909,8.798224858894772e-05,0.00021823434413858908,6.412065981247465e-05,9.334363018083989e-05,0.00017737080635359204,0.0001599862487966702,0.0001424941849895263,0.0002214342265905511,0.0003106740304379163,0.00012076361125401375,0.0002946148150303042,5.68969733361884e-05,0.0002480954302010057,8.144088186862946e-05,0.0007377965631035013,6.494089426636129e-05,7.525443579162508e-05,0.0001305030927238495,6.988151797974315e-05,5.3174921480733206e-05,3.742874642540863e-05,9.468939727050149e-05,7.6905345651765e-05,0.00015092334116981936,-2.848306752989985e-05,6.790970403318481e-05,0.00019637949877014007
PAYX_returns_volatility,0.00019617153545257342,0.00018581329398069464,0.00031647546447974984,0.00011645058541990905,0.00036475441668907025,8.596517582141604e-05,0.0001066637775938323,0.00016817177311003256,0.00023289849451305295,7.934689961261705e-05,0.0003420703816979686,0.0002542900405316715,0.00015583260145275946,0.0003990524325607477,0.00013011556049435762,0.0004366525580591961,0.00030985625952496815,0.00019984775495480412,0.00034655781072676236,0.00024414396581349287,0.0001766658876185822,1.6548226832429438e-05,0.00018442174605955996,0.00015657302050661918,0.000210344296607437,0.00013294239326683773,0.00015878592578725878,0.00023588471326091274,0.0002463568898510983,0.00026897674759042347,0.0002687779413084045,0.0002844901648527625,0.00023536786839804355,0.00036459419445914213,0.00011038916510087205,0.00025979160742660727,0.00014309508992031085,0.0005897204838154296,0.0001923819325241128,0.00011892541084828191,0.00019896361275807846,0.00011735685997080163,0.00016308864909269293,0.00014963505505021326,0.00015327075979212267,0.00023227652987627137,0.00024185590921249172,0.0001276256841952702,9.731492607857713e-05,0.0002845647763355039
VMC_returns_volatility,0.000406841734515065,0.00024021660036487377,0.0010720262440999306,0.0003195668316107068,0.0012016596826589627,0.00031844232852918606,0.0004306886270652224,0.0004344958524919756,0.0008889471678417293,0.0001853354908002659,0.0002542900405316715,0.001345416402227061,0.0002927182379294237,0.0013327126284248959,0.00020650791983406884,0.001263812662354249,0.0009620105488951447,0.0003691924691325352,0.0012906358172694104,0.0007469149158187859,0.00020646851955541937,-0.0002441501304887758,0.0003848628408323957,0.00021171317282535164,0.0010172821323788626,0.0001664252744228076,0.00037265317628256653,0.000518290003888905,0.000625259173999063,0.0005045348177241483,0.0007424083652982313,0.000792834658032863,0.0006997900208387551,0.0011817611232038245,0.00028213715006232223,0.0009072459837094171,0.0001943523890230193,0.0019213273044633365,0.00032677917447896716,0.00014689994022349919,0.00043150371516913135,0.00011191313413645553,0.0001977263835477004,0.00012801954594159843,0.00031017761338638457,0.0004251699030607759,0.0005515837492130332,0.00012926537495070036,0.0002148531380719066,0.0009496563410612318
LUMN_returns_volatility,0.0002573571970132917,0.0001544477377732477,0.0004011070811883945,0.0002624361792230618,0.0004211193350890436,5.527854280501781e-05,0.00018692717329450655,0.00022821188166114776,0.00042921407246038093,0.00019665898122516492,0.00015583260145275946,0.0002927182379294237,0.0012353911194805667,0.0008692816533050238,8.12302664174965e-05,0.0006568085713929681,0.0004909665175172733,0.0001744932272181416,0.000611513564371243,0.0004312259810421509,0.00021859951751452487,0.00011674369946984361,0.00014118033081269953,0.00020905265892611296,0.00028014532086919524,0.00021700393450985086,0.00014350900731477018,0.00015591521593880182,0.0002518465628066454,0.00024657373120846095,0.0003984109163503021,0.0003612043883662703,0.0003958739637315556,0.0005343838600133291,0.00013821440453879062,0.000368064778314739,0.00018155225991630584,0.0008066249504880489,0.00015333566777012557,0.00016555337456688457,0.00021099068996116644,0.00019444097984099698,0.00011480021141168865,0.0002741062707532862,0.0001549142772511363,0.0003217881200883645,0.00024046816618296713,0.0001679163078282843,9.949357937617654e-05,0.0003532326643539153
APA_returns_volatility,0.0009349957626983067,0.0007345606106344526,0.0026245333095345946,0.0005805588708012756,0.00214067227436203,0.00035631092654759216,0.0006195664340257712,0.0007583812144191088,0.001986340271680623,0.00041683414788842854,0.0003990524325607477,0.0013327126284248959,0.0008692816533050238,0.007269077357483675,0.0003271401731869667,0.003643914579776424,0.0017188250367838594,0.00042281418503975254,0.0032508454414441603,0.0017641598047777281,0.0007279152223735517,0.001515263427181266,0.0006433459768061382,0.0006151063505287914,0.001174106360151283,0.0006001173329888254,0.000930174845708041,0.0009188496178220222,0.0016021657264614108,0.0012723723394572168,0.0016993842571299583,0.001911325751526431,0.001792210759970878,0.003550687107524763,0.0002248973156565731,0.0018991829412101813,0.0002376014132387057,0.005650953097748934,0.0004719290827216564,0.0005465374950896992,0.0011313078773864578,0.00026605868501524923,0.00040768181970988776,0.0002939711403915514,0.001005334024171629,0.0019332732086841692,0.0012435528168568157,0.00033934572203360544,0.0005685320630453527,0.0017614981109203023
MSFT_returns_volatility,0.00015838389453839402,0.00014727389169508407,0.0001778577598556196,6.321333007667551e-05,0.0001820344302060553,9.327598150915274e-05,8.162397194395697e-05,0.0001497695757608335,6.94595223480799e-05,8.233645970759188e-05,0.00013011556049435762,0.00020650791983406884,8.12302664174965e-05,0.0003271401731869667,0.0004566638745167729,0.0003314634704305908,0.000165239114083761,0.00024699484757549324,0.00022375420006026265,0.00021186793869403846,0.00011425581411573808,-0.0002873739759002081,0.00030826861689543913,0.00016419111929802242,0.00021469732606227017,7.00412216335763e-05,9.61457387976461e-05,0.00034735108729743797,0.00015341466263276825,0.00021952604046676562,0.0001730578229131704,0.0001599261080849273,0.00028060804838589393,0.00036677533200490676,0.000149737784499571,0.00011268507027261863,0.0001354407395804608,0.00035419965748378186,0.00023923693254009035,0.00011292147381642849,0.00012225272345694604,9.495357464394123e-05,0.000127366097598014,0.00013766742543512106,0.00031275870724886863,0.00021123791080067102,0.0002105670287183705,0.00020520514268759665,0.0001059583675419045,0.00029361019532974075
HAL_returns_volatility,0.0007681720407845165,0.0005020343840942256,0.002083630038118378,0.00045178000729893586,0.002025815425074725,0.00037720489477510884,0.0006124187608575088,0.000700548673599089,0.0015684565319451877,0.0004011222678406007,0.0004366525580591961,0.001263812662354249,0.0006568085713929681,0.003643914579776424,0.0003314634704305908,0.0035677516131791013,0.0016439664711386515,0.00042121817674035467,0.002429681931339622,0.0013457828489121264,0.0004681785278803981,0.000867250936902246,0.0004722464422598527,0.00024144833835485359,0.0012060213192077638,0.00041876633467915786,0.0006833539617279638,0.0007354275550858201,0.0012548351893513342,0.0010396792748952012,0.0014881490933573624,0.0016231970762257191,0.0012340394631944259,0.0026053594110700385,0.0003277726931318657,0.0016754489162816237,0.000193480404051729,0.004265281323512353,0.0003935895916954364,0.0002988558615743989,0.0008731884249880787,0.00022826271928646952,0.00030667493365900487,0.00016416965753706246,0.0006726845644255668,0.0010204543066263923,0.00101979817824548,0.0002549803826598168,0.00041634651428045226,0.0016317651026195197
ALK_returns_volatility,0.0005126733093854114,0.00031766391780693807,0.0013855696346711497,0.0003348526134253688,0.001886086599879306,0.00033592569824799875,0.00041601473051314236,0.00042594764962339005,0.001228465137952417,0.0002793086269855482,0.00030985625952496815,0.0009620105488951447,0.0004909665175172733,0.0017188250367838594,0.000165239114083761,0.0016439664711386515,0.001938905220569474,0.0004082742273480639,0.001722583772346371,0.0009100977539565967,0.0002920063819776881,0.0013135844056184468,0.00032494978237540214,0.00014048713499405233,0.0007950228767663202,0.0002316216544539721,0.00043194490253562195,0.0004529183272895365,0.0008480117519661932,0.0007001467336127872,0.0009252513195892494,0.0011743380038518574,0.0007074337335329994,0.0012600716530273572,0.00021773342097561915,0.0012681845232518445,0.00015341158916077198,0.0028723615202604622,0.00031221607989907204,0.0001689623965435575,0.0005320979662142035,5.619447572395853e-05,0.00026026692416230885,0.00017219117677097078,0.00045905677171293423,0.0005219208046458274,0.00066707202287332,0.00013828790349010116,0.0001755172790089465,0.001137085249047575
AKAM_returns_volatility,0.00019111994070698788,0.0001766702316758102,0.00038167355702912754,0.00017485930384165466,0.000406692906518896,7.921790907665052e-05,9.746718477646036e-05,0.0001780423031674215,0.000338555022658336,0.00010446234939473846,0.00019984775495480412,0.0003691924691325352,0.0001744932272181416,0.00042281418503975254,0.00024699484757549324,0.00042121817674035467,0.0004082742273480639,0.0009633545784964037,0.0005593964519673638,0.000252350640215315,0.00016937930137635648,-0.0005815795649853119,0.00036782013618579315,0.00023306540468376468,0.00032229523116244173,7.732141228007415e-05,0.00013993534988120972,0.0003666784578781213,0.0002622076513980174,0.0003406181819488457,0.00022642515979710886,0.000320162164105956,0.0003629318463327542,0.00042296137764887893,0.00013955330203539612,0.0003162671759975296,0.00014215542292626024,0.0006558858713386434,0.00019428312620894928,0.00011544176635004807,0.00015667083472752704,0.0001121616583920757,0.00018259012497060987,0.0001270874453048222,0.0001972838461818738,0.00022550114382429652,0.0002968700246437657,0.00012047773419753325,0.00010635353990240782,0.0004937198403588991
APTV_returns_volatility,0.0007029123690586663,0.0003086114218498225,0.0022306346371505346,0.0006242284590043773,0.0022197266446634064,0.0004395603813393963,0.0006473648443133303,0.0006606378410172823,0.001886953985643451,0.00032828926080134894,0.00034655781072676236,0.0012906358172694104,0.000611513564371243,0.0032508454414441603,0.00022375420006026265,0.002429681931339622,0.001722583772346371,0.0005593964519673638,0.003289541970898665,0.0013787337629673224,0.00024610595785908165,0.0006725971166142118,0.0005743085375754021,0.00025343187406044716,0.001131258500437888,0.0004555596945739993,0.0006659675286701367,0.0008685281610863431,0.001313504608007774,0.001014941593416523,0.0014192759569624954,0.0016035063797658628,0.0013004490771369522,0.0020915797763222162,0.00030175843814159804,0.001729384820253629,0.0002531285629356507,0.004547954540772464,0.000412010605848517,0.00024090998939315018,0.000719556534203491,0.00010129775241906155,0.00030796855965928456,0.00022028212074791923,0.0007146394994285466,0.0009744161789679995,0.0010824357501900998,0.00017561501593584642,0.0003579689719593467,0.001757925742294443
C_returns_volatility,0.0005542151161101941,0.00028094954364354724,0.001090861633143463,0.00041661289186208924,0.0011398972026926033,0.00017255893314510398,0.00034857370318250265,0.0005109087567331615,0.0008238397071403317,0.00023106725131240193,0.00024414396581349287,0.0007469149158187859,0.0004312259810421509,0.0017641598047777281,0.00021186793869403846,0.0013457828489121264,0.0009100977539565967,0.000252350640215315,0.0013787337629673224,0.0011460080156695603,0.00030731113660947433,-0.00039421608870530235,0.00039905845521075065,0.00025695447704277734,0.0006493050261682957,0.00038877934107693434,0.00040379962280214546,0.0005166748299848724,0.0006127381823223666,0.0005482691126165846,0.0009287739525058122,0.0008934838459258598,0.0008699803584870831,0.001273026131033618,0.00020932378148677853,0.0008717794954713742,0.00020080721494496848,0.00235808514868699,0.00028829083403275146,0.00018972756549158883,0.000589200258797297,0.00013466539569551144,0.00015446157033805787,0.00021039375157006418,0.0004218998660319255,0.0005798113310995972,0.0005499038915772458,0.00022843296204992303,0.00021038007722752172,0.0008819246385394826
CMCSA_returns_volatility,0.00022215636149537125,0.0002557525756886467,0.000247589361314769,0.00014133934847944933,0.00030341345981622393,5.542207515326876e-05,2.5168758915941863e-05,0.0001471443047708552,0.0001394246572585177,0.00014946035074496757,0.0001766658876185822,0.00020646851955541937,0.00021859951751452487,0.0007279152223735517,0.00011425581411573808,0.0004681785278803981,0.0002920063819776881,0.00016937930137635648,0.00024610595785908165,0.00030731113660947433,0.0005133459567078014,-0.00019975251826647575,0.00017668462596446988,0.00019272103805322133,0.00016507725722702746,0.0001697874392622258,0.00017484445897341478,0.00022921674400781282,0.00021163749569658806,0.00028187151037819554,0.00025704940794635256,0.0003092957062794308,0.00026155501174792063,0.00043488063981981666,9.678646024774221e-05,0.00021552849875391782,0.00014226452133031593,0.0007067485928490581,0.00015713053412420752,0.0001700046545935364,0.0002480005961892852,0.00013195491065901433,0.00015155133987145814,0.0001489200589246653,0.00016741378710214818,0.0002945596725542521,0.00017806915510176262,0.0001387202147669768,7.272998142729225e-05,0.00021804219558782341
KDP_returns_volatility,0.0004433398461222125,-3.642122410735018e-05,0.0005588443832073838,-0.0003913967678571623,0.0008204104277265213,0.00018959234475084317,8.567238930589227e-05,0.000619002374899891,0.0005134017392888704,0.0005326576625886629,1.6548226832429438e-05,-0.0002441501304887758,0.00011674369946984361,0.001515263427181266,-0.0002873739759002081,0.000867250936902246,0.0013135844056184468,-0.0005815795649853119,0.0006725971166142118,-0.00039421608870530235,-0.00019975251826647575,0.11214901945261938,1.2701914559873787e-05,4.428213422212953e-05,-0.00035568336790328876,0.0007861664234639352,-0.00020107943108211993,-0.0003470214704602716,-1.0133716422170585e-05,6.086947510087049e-05,8.051595473951487e-05,-0.0001700754702533031,0.00018579345810954467,-0.00018420900864033848,-0.00017001078120184717,0.0009456063350353535,-0.00037255596331907604,0.0010476303320190324,-0.000311940436745688,-0.00015796057802454415,-0.00012433806442874393,0.00024395237963489993,-0.00038308920190174584,-0.0003828688750435845,-0.00010475726352412077,-0.00026598661577639706,-0.0001568382417568285,-0.0005865985408040547,-0.0001846974624964719,4.4719598047365614e-05
MPWR_returns_volatility,0.00027306914843245065,0.0002021071905959361,0.00038222811402728666,0.00021197747866834866,0.00043911364121346506,0.0001250215592318626,0.00014557228794327833,0.0002674162628869281,0.00022725435702347188,0.00011318059389264909,0.00018442174605955996,0.0003848628408323957,0.00014118033081269953,0.0006433459768061382,0.00030826861689543913,0.0004722464422598527,0.00032494978237540214,0.00036782013618579315,0.0005743085375754021,0.00039905845521075065,0.00017668462596446988,1.2701914559873787e-05,0.0008127784683917983,0.00025199121132577726,0.00028785809236892007,0.0002017635630659512,0.00017139491558642548,0.0005784593943657478,0.0002590124967199906,0.0003594378368593111,0.0003778953676203274,0.00031627584841293184,0.0005751586032617298,0.0004777024042937303,0.00014803965809496894,0.0002732942561351159,0.00018437214320404137,0.0008795478506001481,0.0002869126008156643,0.00012831893774725624,0.00023659113101249542,0.00011854971177111646,0.00017839625515578823,0.00017359348019890602,0.0003367533738893538,0.00031283313102077874,0.00032556745470775384,0.0002627343872649333,0.0001827688752303474,0.00048304914396832206
A_returns_volatility,0.00018397025326985882,0.00020467715768654146,0.00012764762090169816,0.0001782645603817593,0.0001456997522027511,0.00010631496552629292,9.370738686557238e-05,0.00016512145934474866,0.00013681022539108336,8.798224858894772e-05,0.00015657302050661918,0.00021171317282535164,0.00020905265892611296,0.0006151063505287914,0.00016419111929802242,0.00024144833835485359,0.00014048713499405233,0.00023306540468376468,0.00025343187406044716,0.00025695447704277734,0.00019272103805322133,4.428213422212953e-05,0.00025199121132577726,0.000614281869842174,0.00010594298379313934,0.0001592169035198257,0.0001394388251975833,0.00031636767395911135,0.0001870233887088253,0.00024964247806358785,0.00019088893224460238,9.625775298418021e-05,0.00024938404091059057,0.0004172218584249058,6.667415974275762e-05,0.00011638670976847051,0.0001914425974826644,0.00026882724168974804,0.00021989050896432398,0.0002112564814419712,0.00019477127611348922,0.0001465017711156184,0.00014250496163162527,0.00018101362987493796,0.00016810517841179908,0.00020686305435741812,0.0001857560898535471,0.00019114660745788068,0.00012587431529574258,0.00024813429775238905
MLM_returns_volatility,0.00034077289516794507,0.0001998956667613331,0.0009379394663049241,0.0002879251279884974,0.0010213228867358324,0.00025175001491266715,0.00037606366079079745,0.00037034605266882315,0.0007089467114982555,0.00021823434413858908,0.000210344296607437,0.0010172821323788626,0.00028014532086919524,0.001174106360151283,0.00021469732606227017,0.0012060213192077638,0.0007950228767663202,0.00032229523116244173,0.001131258500437888,0.0006493050261682957,0.00016507725722702746,-0.00035568336790328876,0.00028785809236892007,0.00010594298379313934,0.0011560183101822922,0.00012198755737748233,0.0002890013741773012,0.00046155757963520417,0.0005272229082369964,0.00045132398424228186,0.0006705030065563646,0.0007906111886058503,0.0005788773185401257,0.0010834018247889673,0.000247550684254103,0.0007730606222787316,0.00016239863655080129,0.0018179782862183201,0.0002492504100894665,0.00012932316992047115,0.000360110449922737,8.989068359880874e-05,0.0001536380355765536,0.00010703421341855145,0.00024759271902643777,0.0004241342422488202,0.0005142260640643402,9.561503177096052e-05,0.00019376998541200942,0.0008844419867075269
SCHW_returns_volatility,0.00033493191455469186,0.00013372651442872455,0.00027689054349111655,0.00020567329256923912,0.00030684978651668624,5.6310333996048295e-05,0.00011936388506095065,0.0002744103119342915,0.00024664617692120495,6.412065981247465e-05,0.00013294239326683773,0.0001664252744228076,0.00021700393450985086,0.0006001173329888254,7.00412216335763e-05,0.00041876633467915786,0.0002316216544539721,7.732141228007415e-05,0.0004555596945739993,0.00038877934107693434,0.0001697874392622258,0.0007861664234639352,0.0002017635630659512,0.0001592169035198257,0.00012198755737748233,0.0006152251391694033,0.00012583069739757023,0.00016382859716312733,0.00022870258607464718,0.00021584455947725695,0.00043743220206090075,0.00016809350580842825,0.0003908509117784674,0.00036532839033514967,5.149225979825433e-05,0.00021960868357884865,5.2286283937830733e-05,0.000568276515190987,5.452924719464823e-05,8.18423087158467e-05,0.00031559400236299737,6.725565036656858e-05,0.00010714484614549528,0.0001737251161910214,0.00013289834220438457,0.000233140618868558,0.00014155675155223902,0.00016452714647795764,0.0001101499592741898,0.00030300525188430016
PEG_returns_volatility,0.00023174741757844378,0.0001685421513794999,0.000527261650393562,0.00010598640530561336,0.0005332570670427546,0.000184843716544669,0.00019441793528618962,0.00020319245422440772,0.00048778881643891356,9.334363018083989e-05,0.00015878592578725878,0.00037265317628256653,0.00014350900731477018,0.000930174845708041,9.61457387976461e-05,0.0006833539617279638,0.00043194490253562195,0.00013993534988120972,0.0006659675286701367,0.00040379962280214546,0.00017484445897341478,-0.00020107943108211993,0.00017139491558642548,0.0001394388251975833,0.0002890013741773012,0.00012583069739757023,0.00043484828690635,0.00022523026093452695,0.00036439687252257823,0.00029373392043949525,0.00041445207514103017,0.00040491721701600486,0.0003140789908382147,0.0005722068030321366,0.00010808686896342585,0.0004963313113283386,7.245399910085274e-05,0.001019125255935235,0.0001597487203272763,0.0001420447711997819,0.0002693021197961157,8.214230961321965e-05,0.0001265895339971944,8.522356952226222e-05,0.00020683593962787228,0.0003371291996936492,0.00030034052757155465,8.205435355532022e-05,0.00012394278927985506,0.00042239471168434577
NVDA_returns_volatility,0.0002536811416386071,0.00018242025141626775,0.0006182834746878985,0.000339946799917721,0.0006120419050492928,0.00019119197138935042,0.00021979187742936213,0.0002986921477848417,0.00044948744617953325,0.00017737080635359204,0.00023588471326091274,0.000518290003888905,0.00015591521593880182,0.0009188496178220222,0.00034735108729743797,0.0007354275550858201,0.0004529183272895365,0.0003666784578781213,0.0008685281610863431,0.0005166748299848724,0.00022921674400781282,-0.0003470214704602716,0.0005784593943657478,0.00031636767395911135,0.00046155757963520417,0.00016382859716312733,0.00022523026093452695,0.0017964239812235966,0.0003574568896690499,0.0005294019028489112,0.0004373043904651074,0.0004321197823186628,0.0006125192216322276,0.0007359920491728346,0.0002852975819878249,0.0004240461259894058,0.0003008732721432188,0.0014084224515883714,0.00038250578525678613,0.00019863084934056472,0.00022357983253304243,0.00015076077125384047,0.00021881834640132775,0.0001816419034237849,0.0004960170372527147,0.000366495518605169,0.0005745102894790101,0.00032486219046458533,0.0002175620104423532,0.0007449088383303073
PPG_returns_volatility,0.0003760577131294308,0.0002782375633666937,0.0010094192627585455,0.0002236940294752884,0.0010562392378690852,0.00025170405061065277,0.00028186351478514093,0.0003380313582810378,0.0008433331283780693,0.0001599862487966702,0.0002463568898510983,0.000625259173999063,0.0002518465628066454,0.0016021657264614108,0.00015341466263276825,0.0012548351893513342,0.0008480117519661932,0.0002622076513980174,0.001313504608007774,0.0006127381823223666,0.00021163749569658806,-1.0133716422170585e-05,0.0002590124967199906,0.0001870233887088253,0.0005272229082369964,0.00022870258607464718,0.00036439687252257823,0.0003574568896690499,0.000856395111689779,0.0005253754312193849,0.0007010402689923075,0.0007830512709061174,0.0005846378031826433,0.0010687722185412653,0.00012579128428319195,0.0008666008351447181,0.00014229984619759236,0.0020302225816930313,0.00026024648559033774,0.0001854102756078657,0.00043261973078120814,0.00012996188192568368,0.00020428522068091556,0.00016124880681666885,0.0003833112773261602,0.000550818925095063,0.0004947072422420499,0.00015564122931774628,0.00021337988404511728,0.000782720632727932
GPN_returns_volatility,0.0003416746588258741,0.00026859976200375177,0.0007571758180232614,0.0003054989128504752,0.0008082263574583131,0.00020809818612042928,0.0002465014068476741,0.00027409486151245107,0.0005733688604392507,0.0001424941849895263,0.00026897674759042347,0.0005045348177241483,0.00024657373120846095,0.0012723723394572168,0.00021952604046676562,0.0010396792748952012,0.0007001467336127872,0.0003406181819488457,0.001014941593416523,0.0005482691126165846,0.00028187151037819554,6.086947510087049e-05,0.0003594378368593111,0.00024964247806358785,0.00045132398424228186,0.00021584455947725695,0.00029373392043949525,0.0005294019028489112,0.0005253754312193849,0.0008150455748206395,0.0005249099901492552,0.0006157740840774826,0.000625296256991169,0.0009133325528186923,0.00018994898411165166,0.0006085086109116224,0.00021929575480912337,0.0016420936519756272,0.0003039110714139115,0.0002106315200102745,0.00034416456187360704,0.00013457584022373545,0.0002415015681553606,0.00017600314961547435,0.00042144470020413506,0.0004832724894445944,0.0005071064016531088,0.00024681165209712764,0.00016421925101719006,0.0007049536252661786
CFG_returns_volatility,0.0006018210675222124,0.00028368046464536984,0.001088542718596887,0.0003289001866383647,0.0011829951335606834,0.00018100597789422198,0.00040122490534285797,0.0005732842356940621,0.0008863333722755679,0.0002214342265905511,0.0002687779413084045,0.0007424083652982313,0.0003984109163503021,0.0016993842571299583,0.0001730578229131704,0.0014881490933573624,0.0009252513195892494,0.00022642515979710886,0.0014192759569624954,0.0009287739525058122,0.00025704940794635256,8.051595473951487e-05,0.0003778953676203274,0.00019088893224460238,0.0006705030065563646,0.00043743220206090075,0.00041445207514103017,0.0004373043904651074,0.0007010402689923075,0.0005249099901492552,0.0012829320090258663,0.0008967459258796273,0.0007471284081151078,0.0012566367339670343,0.00021219394696129327,0.0009961995694408997,0.00010392640203250015,0.002346495181974998,0.0002923502856351333,0.0001577678590789706,0.0006805322681986793,8.785662529712722e-05,0.00019196942746102898,0.0001775748140536389,0.0003669436088805869,0.0005963053234003966,0.0005356038996506101,0.0002573988713598518,0.0002477039711822088,0.0009084731771288757
HST_returns_volatility,0.00045243674627404285,0.00031712286376672067,0.0013495706895619566,0.00037079689539202946,0.0014940895532910576,0.00014111552873147655,0.0003403297601781532,0.0004299962183412417,0.0010467870430981275,0.0003106740304379163,0.0002844901648527625,0.000792834658032863,0.0003612043883662703,0.001911325751526431,0.0001599261080849273,0.0016231970762257191,0.0011743380038518574,0.000320162164105956,0.0016035063797658628,0.0008934838459258598,0.0003092957062794308,-0.0001700754702533031,0.00031627584841293184,9.625775298418021e-05,0.0007906111886058503,0.00016809350580842825,0.00040491721701600486,0.0004321197823186628,0.0007830512709061174,0.0006157740840774826,0.0008967459258796273,0.0016207799688426703,0.0006823037351327908,0.0013340477382503984,0.0001543642374147016,0.001082976314769873,0.00018705567118653706,0.003054411338638908,0.0002542362366415503,0.00013809889958355537,0.0005343455370292168,0.00014461410700092935,0.00019936923859371672,0.00011167711438442119,0.00038038027420583007,0.0005896969807843278,0.0006456324242670772,0.00012457368084903357,0.00015757808146922195,0.0010259549627780037
MU_returns_volatility,0.00047446058969487443,0.00029051620930172775,0.0009471959403142516,0.00035941013971000724,0.0009789646355183158,0.00014557779757369462,0.00020034310743071614,0.00045413885749104777,0.0006015324890266324,0.00012076361125401375,0.00023536786839804355,0.0006997900208387551,0.0003958739637315556,0.001792210759970878,0.00028060804838589393,0.0012340394631944259,0.0007074337335329994,0.0003629318463327542,0.0013004490771369522,0.0008699803584870831,0.00026155501174792063,0.00018579345810954467,0.0005751586032617298,0.00024938404091059057,0.0005788773185401257,0.0003908509117784674,0.0003140789908382147,0.0006125192216322276,0.0005846378031826433,0.000625296256991169,0.0007471284081151078,0.0006823037351327908,0.0020239845166660103,0.0012104021531138603,0.00026346745231438335,0.0006872847586363849,0.00011915478578159076,0.0019612194431425397,0.0003052497709096461,0.00014742146093824508,0.00042945333456046006,9.279782369442635e-05,0.00010939349054479469,0.0002856115543515528,0.0005502743171902543,0.0005294355723036409,0.0005745245682249394,0.0002629928938616904,0.00023687959944294247,0.0008889948242516374
DVN_returns_volatility,0.0006543927326776659,0.000516587040801281,0.001748222715685628,0.0004741620308695123,0.001616315872251356,0.0003286057128794549,0.0005650879814455687,0.0006540877814933209,0.0013500599421388735,0.0002946148150303042,0.00036459419445914213,0.0011817611232038245,0.0005343838600133291,0.003550687107524763,0.00036677533200490676,0.0026053594110700385,0.0012600716530273572,0.00042296137764887893,0.0020915797763222162,0.001273026131033618,0.00043488063981981666,-0.00018420900864033848,0.0004777024042937303,0.0004172218584249058,0.0010834018247889673,0.00036532839033514967,0.0005722068030321366,0.0007359920491728346,0.0010687722185412653,0.0009133325528186923,0.0012566367339670343,0.0013340477382503984,0.0012104021531138603,0.0031010558937118408,0.0003251172412747494,0.0013751194521055747,0.0003457250028175021,0.0035572245641697846,0.0004325417865978391,0.0003201442813679158,0.0008198099768289852,0.00029665066084068624,0.0002434251654029863,0.0002090613653276139,0.0006166250617835213,0.001215615164283395,0.0009591652557301225,0.0004833205867788371,0.00037242978038197315,0.0014766492681048903
